1 	59	0.5	0
2 	252 4 	48
3 	273	4 	60
4 	66 	2 	10
5 	134	4 	51
6 	283	7 	114
7 	58	2 	11
8 	86 	4 	46
9 	59	4 	26
10 	190	6 	17
11 	0 	.25 0
12 	31 	7 	7
13 	100 8 	21
14 	80 	8 	22
15 	62 	7 	17
16 	17 	3 	2
17 	463 13 	77
18 	16 	3 	1
19 	48 	7 	35
20 	42 	4 	6
21 	9 	4 	0
22 	8 	4 	0
23 	19 	7 	1
24 	15 	7 	0
25 	42 	4 	31
26 	293 14 	118
27 	177 8 	126
28 	60 	6 	39
29 	68 	7 	143
30 	200 15 	96
31 	92 	11 	58
32 	6 	5 	0
33 	27 	9 	10
34 	8 	5 	0
35 	219 7 	100
36 	11 	41 	3
37 	0 	4 	0
38 	21 	9 	2
39 	19 	3	4
40 	51 	8 	23
41 	10 	2 	0
42 	18 	8 	3
43 	3 	53 	1
44 	28 	5 	17
45 	19 	5 	2
46 	4 	1 	0
47 	31 	10 	3
48 	5 	2 	2
49 	18 	5 	0
50 	117 14 	62
51 	3 	1 	0
52 	8 	2 	2
53 	69 	3 	53
54 	131 11 	94
55 	8 	3 	0
56 	7 	2 	0
57 	24 	6 	1
58 	3 	1 	0
59 	16 	5 	2
60 	8 	1 	10
61 	0 	8 	0
62 	71 	13 	58
63 	17 	8 	3
64 	66 	14 	25
65 	12 	9 	2
66 	8 	1 	6
67 	15 	9 	0
68 	5 	2 	0
69 	7 	4 	1
70 	658 1 	91
71 	27 	5 	7
72 	285 19 	87
73 	64 	19 	8
74 	11 	10 	0
75 	3 	7 	0
76 	6 	4 	0
77 	17 	9 	0
78 	4 	2 	4
79 	116 13 	90
80 	6 	5 	0
81 	10 	1 	1
82 	10 	1 	2
83 	3 	26 	1
84 	6 	55 	0
85 	11 	9 	15
86 	90 	18 	58
87 	17 	5 	16
88 	5 	1 	1
89 	12 	12 	7
90 	49 	4 	52
91 	305 24 	173
92 	0	11 	0
93 	52 	20 	19
94 	3 	2 	1
95 	9 	7 	0
96 	3 	3 	0
97 	3 	1 	0
98 	8 	2 	0
99 	43 	21 	9
100 11 	11 	13
